GENOMETAXOID
2228664007
2501799902
2501846300
2502790010
2503538034
2504643024
2505313002
2505313005
2505313027
2505313040
2505313041
2505313042
2505313043
2505313044
2505313045
2505313046
2505313047
2505313048
2505313049
2505313050
2505313051
2505313052
2505313053
2505313054
2505313055
2505313056
2505313057
2505313058
2505313060
2505313061
2505313062
2505313065
2505679001
2505679082
2505679085
2505679086
2506210029
2506210030
2506210031
2506783015
2506783016
2506783017
2506783018
2506783019
2506783020
2506783021
2506783022
2506783023
2506783024
2506783025
2506783029
2506783030
2506783031
2506783032
2506783055
2506783056
2506783057
2506783058
2507262001
2507262002
2507262017
2507262018
2507262019
2507262021
2507262022
2507262023
2507262024
2507262033
2508501006
2508501054
2508501055
2508501056
2508501057
2508501058
2508501059
2508501060
2508501061
2508501062
2508501063
2508501064
2508501065
2508501072
2508501073
2508501074
2509276011
2509276053
2510065053
2510065054
2510065055
2510065058
2510461024
2510461025
2510461026
2510461027
2510461028
2510461029
2510461030
2510461031
2510461032
2510461033
2510461034
2510461035
2510461036
2510917011
2511231004
2511231006
2511231007
2511231008
2511231010
2511231011
2511231012
2511231013
2511231014
2511231015
2511231016
2511231017
2511231018
2511231019
2511231020
2511231021
2511231022
2511231023
2511231024
2511231031
2511231032
2511231047
2511231156
2511231165
2511231183
2512047018
2512564081
2512564082
2513020038
2513237054
2513237142
2513237259
2513237276
2513237292
2516493000
2516653025
2516653026
2516653052
2516653056
2516653057
2517487005
2517572175
2517572232
2518285516
2518645549
2518645571
2518645591
2518645592
2518645593
2518645594
2518645595
2518645596
2518645597
2518645598
2518645599
2518645600
2518645601
2519103020
2519103093
2519899536
2519899600
2519899622
2519899637
2519899642
2519899785
2521172536
2521172639
2521172640
2521172641
2521172642
2521172644
2521172645
2521172646
2521172647
2521172653
2521172660
2521172667
2521172668
2521172669
2521172670
2521172671
2521172672
2521172673
2521172712
2522572098
2523231083
2523231084
2523533501
2523533502
2523533506
2523533507
2523533528
2523533534
2523533545
2523533547
2523533561
2523533564
2523533568
2524023168
2524023231
2524614516
2524614584
2524614586
2524614587
2524614588
2524614589
2524614661
2524614671
2524614738
2526164530
2526164572
2526164762
2526164763
2526164786
2529292742
2529292743
2529293227
2529293228
2531839037
2531839176
2531839182
2531839204
2531839224
2531839275
2531839611
2531839710
2534681678
2534681679
2534682061
2534682062
2534682313
2537561515
2537561708
2537561845
2537562154
2537562155
2540341042
2540341095
2540341118
2540341139
2540341236
2541046952
2541047093
2541047098
2541047099
2541047100
2541047101
2541047102
2541047103
2541047479
2541047480
2541047481
2541047482
2545555812
2545555813
2545555814
2545555815
2545824551
2545824562
2545824563
2545824566
2545824567
2545824568
2545824569
2545824744
2545824760
2547132119
2547132145
2547132202
2548876508
2548876663
2548876714
2548876741
2548876743
2548876746
2548876747
2548876748
2548876749
2548876750
2548876751
2548876752
2548876753
2548876755
2548876756
2548876757
2548876758
2548876787
2548876812
2548876813
2548876816
2548876817
2548876969
2548876981
2548876982
2548876985
2548877042
2548877048
2548877050
2551306114
2551306150
2551306151
2551306190
2551306212
2551306217
2551306350
2551306414
2551306425
2551306467
2551306468
2551306666
2551306688
2551306727
2551306728
2554235025
2554235097
2554235098
2554235131
2554235132
2554235138
2554235193
2554235217
2554235218
2554235224
2554235228
2554235231
2554235296
2554235341
2554235365
2554235471
2556921015
2556921040
2556921606
2556921620
2556921648
2556921649
2556921653
2558309045
2558309053
2558309062
2558309066
2558309079
2558309081
2558309082
2558309084
2558309120
2558860267
2558860367
2558860368
2558860918
2561511156
2561511189
2562617043
2562617101
2562617102
2562617103
2562617104
2562617129
2562617135
2563366520
2563366521
2563366522
2563366523
2563366524
2563366525
2563366526
2563366586
2563366590
2563366717
2563366737
2563366740
2563366741
2563366746
2563366747
2563366748
2563366759
2563366773
2563367033
2563367034
2563367035
2563367036
2563367037
2563367038
2563367039
2563367040
2563367041
2563367042
2563367043
2563367044
2563367045
2563367046
2563367047
2563367050
2563367051
2563367052
2563367053
2563367054
2563367055
2563367056
2563367221
2565956573
2565956574
2565956575
2565956576
2565956577
2565956578
2565956580
2565956706
2565956771
2565956780
2565956801
2565956802
2565956820
2565956822
2568526011
2568526024
2568526052
2568526079
2568526153
2568526219
2568526231
2568526245
2568526317
2568526461
2568526560
2568526577
2568526595
2568526692
2568526708
2568526712
2568526744
2571042077
2571042114
2571042171
2571042176
2571042179
2571042222
2571042232
2571042242
2571042301
2571042302
2571042318
2571042380
2571042396
2571042424
2571042490
2571042514
2571042519
2571042540
2571042564
2571042598
2571042625
2571042644
2571042646
2571042674
2571042676
2571042699
2571042745
2571042765
2571042769
2571042775
2571042807
2571042843
2571042854
2571042881
2571042900
2571042902
2574179764
2574179792
2574179807
2574179842
2574179945
2574179988
2574180006
2574180030
2574180050
2574180090
2574180126
2574180134
2574180135
2574180151
2574180171
2574180211
2574180261
2574180290
2574180297
2574180328
2576861014
2576861022
2576861056
2576861129
2576861223
2576861329
2576861821
2579778504
2579778525
2579778540
2579778545
2579778558
2579778563
2579778571
2579778580
2579778585
2579778586
2579778594
2579778617
2579778620
2579778624
2579778632
2579778655
2579778687
2579778688
2579778693
2579778696
2579778699
2579778701
2579778704
2579778711
2579778722
2579778731
2579778733
2579778739
2579778744
2579778756
2579778761
2579778766
2579778799
2579778822
2579778823
2579778827
2579778838
2579778841
2579778843
2579778852
2579778853
2579778855
2579778860
2579778861
2579778868
2579778887
2579778897
2579778898
2579778907
2579778912
2579778915
2579778927
2579778942
2579778948
2579778950
2579778953
2579778965
2579778970
2579778972
2579778973
2579778987
2579779000
2579779010
2579779017
2579779027
2579779047
2579779057
2579779059
2579779063
2579779064
2579779066
2579779074
2579779083
2579779087
2579779090
2579779091
2579779106
2579779110
2579779132
2579779140
2579779147
2582580883
2582580891
2582580893
2582580894
2582580897
2582580900
2582580907
2582580909
2582580910
2582580912
2582580913
2582580921
2582580923
2582580927
2582580928
2582580977
2582580978
2582580982
2582580985
2582580989
2582581004
2582581011
2582581026
2582581296
2585427599
2585427615
2585427641
2585427642
2585427645
2585427659
2585427671
2585427679
2585427680
2585427681
2585427682
2585427683
2585427684
2585427685
2585427826
2585427827
2585427848
2585428006
2585428010
2585428046
2588253837
2588253838
2596583557
2596583584
2597489874
2597489885
2597489886
2597489887
2597489888
2597489889
2597489890
2597489907
2597489934
2597489942
2597489949
2597489950
2597489951
2597489954
2597490142
2597490176
2597490269
2599185155
2599185160
2599185161
2599185162
2599185163
2599185164
2599185165
2599185166
2599185167
2599185168
2599185179
2599185181
2599185182
2599185185
2599185186
2599185188
2599185189
2599185190
2599185191
2599185212
2599185248
2599185257
2599185288
2599185289
2599185290
2599185291
2599185300
2599185302
2599185303
2599185304
2599185305
2599185306
2599185307
2599185308
2599185309
2599185310
2599185311
2599185312
2599185313
2599185314
2599185315
2599185316
2599185317
2599185318
2599185319
2599185320
2599185321
2599185322
2599185323
2599185324
2599185325
2599185356
2600254930
2600254931
2600254954
2600254970
2600255064
2600255231
2600255283
2600255294
2600255296
2600255313
2600255318
2600255389
2602041645
2602041661
2603880173
2603880185
2603880199
2603880217
2606217733
2609459602
2609459675
2609459710
2609459712
2609459739
2609459787
2609459869
2609459975
2609460011
2609460049
2609460055
2609460090
2609460268
2609460275
2615840571
2615840572
2615840573
2616644927
2616644975
2617270755
2617270757
2617270790
2617270901
2617271009
2617271040
2617271062
2617271063
2617271064
2617271065
2617271066
2617271249
2617271286
2617271287
2617271307
2617271328
2619618848
2619619019
2619619219
2619619220
2619619221
2619619222
2619619245
2619619250
2619619278
2619619293
2619619299
2623620443
2623620446
2627853650
2627853708
2627853747
2627853808
2627853842
2627853852
2627853862
2627853962
2627853982
2627854063
2627854065
2627854093
2627854237
2627854246
2627854252
2630968351
2630968365
2630968376
2630968439
2630968450
2630968457
2630968464
2630968522
2630968547
2630968566
2630968584
2630968590
2630968593
2630968609
2630968626
2630968629
2630968653
2630968664
2630968680
2630968708
2630968722
2630968725
2630968743
2630968837
2630968856
2630968874
2634166388
2634166431
2634166442
2634166455
2634166466
2634166474
2634166489
2636415492
2636415516
2636415557
2636415573
2636415602
2636415616
2636415645
2636415676
2636415696
2636415728
2636415731
2636415743
2636415816
2636415859
2636415912
2636415920
2636415941
2636415960
2636416004
2636416017
2636416019
2636416038
2636416057
2636416064
2636416065
2636416078
2636416079
2636416108
2636416113
2636416114
2636416169
2636416176
2636416187
2636416188
2636416189
2636416190
2636416191
2636416193
2639762506
2639762509
2639762518
2639762560
2639762561
2639762577
2639762588
2639762602
2639762618
2639762619
2639762632
2639762633
2639762637
2639762638
2639762651
2639762655
2639762715
2639762727
2639762756
2639762757
2639762801
2639762882
2639762904
2639762913
2639762981
2639762996
2639763011
2639763030
2639763083
2639763190
2639763195
2639763196
2639763197
2642422516
2643221484
2643221502
2643221503
2643221565
2643221571
2643221589
2643221602
2643221633
2643221650
2643221713
2643221746
2643221771
2643221775
2643221791
2643221805
2643221892
2643221942
2645727511
2645727512
2645727525
2645727533
2645727551
2645727558
2645727560
2645727567
2645727620
2645727626
2645727644
2645727653
2645727672
2645727675
2645727682
2645727691
2645727704
2645727712
2645727738
2645727742
2645727751
2645727763
2645727798
2645727823
2645727827
2645727846
2645727858
2645727884
2645727906
2645727914
2645727916
2645727917
2645727947
2645727983
2645728003
2645728011
2645728030
2645728035
2645728046
2645728058
2645728061
2645728065
2645728113
2648501127
2648501162
2648501178
2648501197
2648501207
2648501218
2648501236
2648501258
2648501267
2648501278
2648501301
2648501304
2648501312
2648501330
2648501359
2648501374
2648501383
2648501394
2648501402
2648501409
2648501419
2648501455
2648501462
2648501512
2648501543
2648501644
2648501651
2648501670
2648501718
2648501721
2648501749
2648501755
2648501758
2648501783
2648501792
2648501823
2648501889
2648501891
2648501898
2648501913
2651869646
2651869647
2651869650
2651869690
2651869693
2651869699
2651869705
2651869719
2651869735
2651869743
2651869800
2651869809
2651869865
2654587514
2654587538
2654587543
2654587563
2654587576
2654587577
2654587578
2654587609
2654587611
2654587651
2654587652
2654587653
2654587699
2654587704
2654587707
2654587730
2654587757
2654587766
2654587785
2654587793
2654587795
2654587800
2654587828
2654588043
2657244924
2657245000
2657245007
2657245489
2657245529
2657245614
2657245623
2657245649
2657245673
2657245692
2660237937
2660237944
2660237948
2660238002
2660238005
2660238045
2660238084
2660238192
2660238203
2660238266
2660238296
2660238313
2660238384
2660238513
2660238527
2660238583
2660238598
2660238621
2660238658
2660238664
2660238666
2660238684
2660238712
2660238714
2663762766
2663762767
2663762768
2663762770
2663762771
2663762772
2663762773
2663762774
2663762776
2663762777
2663762779
2663762780
2663762781
2663762782
2663762783
2663762789
2663762793
2663762794
2663762795
2663762796
2663762797
2663762798
2663762900
2663762977
2663763025
2663763053
2663763064
2663763067
2663763109
2663763146
2663763191
2663763194
2663763209
2663763218
2663763257
2663763303
2663763360
2663763376
2663763448
2663763493
2663763518
2663763600
2663763601
2663763603
2663763604
2663763605
2667527209
2667527210
2667527211
2667527223
2667527224
2667527225
2667527228
2667527229
2667527230
2667527233
2667527235
2667527385
2667527387
2667527397
2667527413
2667527430
2667527431
2667527432
2667527434
2667527464
2667527484
2667527556
2667527575
2667527606
2667527642
2667527676
2667527692
2667527722
2667527726
2667527782
2667527790
2667527795
2667527847
2667527901
2667527928
2667527944
2667527949
2667528018
2667528033
2667528072
2667528098
2667528101
2667528168
2667528170
2667528171
2667528176
2667528180
2667528182
2667528183
2671180025
2671180032
2671180033
2671180034
2671180035
2671180037
2671180043
2671180065
2671180067
2671180085
2671180091
2671180172
2671180175
2671180286
2671180290
2671180317
2671180318
2671180382
2671180397
2671180414
2671180438
2671180440
2671180445
2671180478
2671180484
2671180515
2671180536
2671180558
2671180560
2671180595
2671180611
2671180658
2671180678
2671180708
2671180760
2671180784
2671180811
2671180825
2671180829
2671180836
2671180913
2671180937
2671180955
2671181014
2671181021
2671181088
2671181089
2671181093
2671181129
2671181137
2671181143
2671181149
2671181174
2675902956
2675902957
2675902959
2675903003
2675903237
2675903282
2675903316
2675903319
2675903353
2675903363
2675903370
2675903371
2675903373
2675903378
2675903420
2675903445
2675903450
2675903486
2675903515
2675903518
2675903566
2675903567
2675903584
2675903647
2675903660
2675903669
2675903677
2675903679
2681812804
2681812805
2681812807
2681812811
2681812917
2681812920
2681812921
2681812922
2681812970
2681813056
2681813057
2681813060
2681813132
2681813165
2681813171
2681813354
2681813355
2681813356
2681813357
2681813358
2681813362
2681813451
2681813543
2684622547
2684622562
2684622583
2684622590
2684622643
2684622686
2684622687
2684622752
2684622753
2684622754
2684622755
2684622756
2684622757
2684622758
2684622759
2684622760
2684622761
2684622762
2684622809
2684622810
2684622811
2684622812
2684622813
2684622814
2684622815
2684622816
2684622903
2684623003
2684623051
2684623070
2684623148
2684623188
2684623208
2684623224
2684623234
2684623235
2684623237
2687453104
2687453120
2687453154
2687453165
2687453187
2687453207
2687453218
2687453225
2687453227
2687453261
2687453262
2687453263
2687453307
2687453349
2687453356
2687453394
2687453417
2687453418
2687453431
2687453443
2687453446
2687453452
2687453461
2687453465
2687453472
2687453477
2687453514
2687453531
2687453536
2687453538
2687453547
2687453548
2687453569
2687453571
2687453597
2687453636
2687453695
2687453696
2687453698
2687453721
2687453722
2687453723
2687453747
2687453748
2687453749
2687453785
2687453791
2690315690
2690315765
2690315909
2690315913
2690316016
2690316074
2690316101
2690316141
2690316151
2690316209
2690316240
2690316242
2690316279
2690316305
2690316310
2690316322
2690316331
2690316332
2693429537
2693429551
2693429616
2693429626
2693429640
2693429671
2693429724
2693429729
2693429755
2693429756
2693429767
2693429775
2693429914
2693429915
2695420356
2695420396
2695420408
2695420452
2695420461
2695420481
2695420489
2695420515
2695420518
2695420520
2695420590
2695420601
2695420612
2695420633
2695420637
2695420642
2695420673
2695420706
2695420707
2695420740
2695420741
2695420749
2695420772
2695420785
2695420795
2695420796
2695420827
2695420853
2695420858
2695420867
2695420907
2695420908
2695420909
2698536356
2698536405
2698536406
2698536412
2698536426
2698536472
2698536490
2698536624
2700988710
2700989384
2700989385
2700989386
2700989387
2700989388
2700989433
2700989434
2700989435
2700989436
2700989437
2700989438
2700989439
2700989440
2700989441
2700989442
2700989443
2700989444
2700989445
2700989446
2700989447
2700989448
2700989449
2700989462
2700989463
2700989464
2700989465
2700989466
2700989493
2700989494
2700989495
2700989536
2700989537
2700989538
2700989539
2700989540
2700989541
2700989542
2700989543
2703719064
2703719185
2703719187
2703719284
2703719348
2706794515
2706794599
2706794715
2706794920
2706795031
2708742420
2708743161
2711768121
2711768170
2713896793
2713896842
2713896843
2713896844
2713896845
2713896846
2713896847
2713896848
2713896849
2713896850
2713896851
2713896852
2713896853
2713896854
2713896855
2713896856
2713896857
2713896858
2713896859
2713896860
2713896861
2713896862
2713896863
2713896864
2713896865
2713896866
2713896867
2713896868
2713896869
2713896871
2713896930
2713897148
2713897149
2713897189
2713897216
2713897217
2713897218
2713897219
2713897220
2713897221
2713897222
2713897223
2713897224
2713897225
2713897226
2713897227
2713897228
2713897229
2713897230
2713897231
2713897232
2713897235
2713897236
2713897252
2713897253
2713897254
2713897255
2713897311
2713897313
2713897314
2713897315
2713897316
2713897318
2713897319
2713897320
2713897321
2713897322
2713897323
2713897325
2713897326
2716884895
2716884900
2716884901
2718217675
2718217712
2718217725
2718217765
2718217881
2718217914
2718217915
2718217932
2718217933
2718217999
2718218023
2718218114
2718218193
2718218206
2718218240
2718218241
2718218242
2718218271
2718218317
2718218367
2718218368
2718218384
2718218406
2718218421
2718218424
2718218426
2718218427
2721755517
2721755589
2721755590
2721755595
2721755597
2721755607
2721755610
2721755680
2721755688
2721755811
2721755813
2721755845
2721756101
2724678965
2724679006
2724679032
2724679038
2724679040
2724679066
2724679067
2724679068
2724679100
2724679101
2724679180
2724679196
2724679614
2728368913
2728368914
2728368915
2728368916
2728368917
2728368918
2728368919
2728368920
2728368921
2728368922
2728368923
2728368924
2728368925
2728368926
2728368927
2728368928
2728368929
2728368930
2728368931
2728368932
2728368980
2728368981
2728368999
2728369042
2728369069
2728369079
2728369127
2728369353
2728369410
2728369429
2728369454
2728369563
2728369569
2728369622
2728369709
2728369711
2728369712
2728369713
2731639199
2731639261
2731957839
2731957906
2731957907
2731957908
2731957909
2731957910
2731957911
2731957912
2731957913
2731957914
2731957915
2731957916
2731957917
2731957951
2731957956
2731957998
2731957999
2731958000
2731958001
2731958002
2731958003
2731958004
2731958005
2731958006
2731958007
2731958008
2731958009
2731958010
2731958011
2731958012
2731958013
2731958014
2731958015
2731958016
2731958017
2731958018
2731958019
2731958020
2731958021
2731958022
2731958023
2731958024
2731958025
2731958026
2731958027
2731958028
2731958029
2731958030
2731958031
2731958032
2731958033
2731958034
2731958035
2731958036
2731958037
2731958038
2734482072
2734482259
2734482318
2734482396
2734482397
2734482398
2734482399
2734482400
2734482401
2734482402
2734482494
2734482495
2734482496
2734482497
2734482498
2734482499
2734482500
2734482501
2734482502
2734482503
2734482504
2734482505
2734482506
2734482507
2734482508
2734482509
2734482510
2734482511
2734482512
2734482513
2734482514
2734482515
2734482516
2734482517
2734482518
2734482519
2734482520
2734482521
2734482522
2734482523
2734482524
2734482525
2734482526
2734482527
2734482528
2734482529
2738541226
2738541265
2738541271
2738541282
2738541294
2738541303
2738541309
2738541351
2738543004
2738543015
2738543016
2738543020
2738543021
2738543025
2740891816
2740892008
2740892009
2740892010
2740892052
2740892053
2740892054
2740892055
2740892056
2740892057
2740892058
2740892059
2740892060
2740892061
2740892062
2740892063
2740892064
2740892065
2740892066
2740892067
2740892068
2740892069
2740892070
2740892071
2740892072
2740892073
2740892074
2740892075
2740892076
2740892077
2740892078
2740892079
2740892080
2740892081
2740892082
2740892083
2740892084
2740892085
2740892086
2740892087
2740892088
2740892089
2740892090
2740892091
2740892092
2740892093
2740892094
2740892095
2740892096
2740892097
2740892098
2740892099
2740892100
2740892101
2740892181
2740892182
2740892183
2740892462
2740892464
2740892467
2740892503
2744054431
2744054450
2744054451
2744054530
2744054570
2744054620
2744054662
2744054676
2744054677
2744054678
2744054713
2744054773
2744054782
2744054787
2744054818
2744054842
2744054992
2747842400
2747842401
2747842422
2747842423
2751185442
2751186034
2754412484
2754412491
2756170262
2757320411
2757320413
2757320430
2757320431
2757320432
2757320437
2757320438
2757320439
2757320441
2757320447
2757320522
2757320523
2757320524
2757320525
2757320527
2757320528
2757320529
2757320530
2757320533
2757320535
2757320538
2758568605
2758568623
2765235841
2767802261
2767802262
2767802264
2767802265
2767802266
2767802267
2767802268
2767802269
2767802270
2767802271
2767802272
2767802273
2767802274
2767802275
2767802276
2767802277
2767802278
2767802279
2767802280
2767802281
2767802283
2767802284
2767802285
2767802286
2767802287
2767802352
2767802472
2767802489
2767802492
2770939456
2772190755
2772190984
2772190986
2773857632
2773857664
2773857665
2773857670
2773857672
2773857673
2773858024
2775506784
2775507198
2775507199
2775507200
2775507201
2775507202
2775507203
2775507204
2775507205
2775507206
2775507207
2775507208
2775507209
2775507210
2775507263
2775507279
2778261636
2778261662
2778261663
2778261711
2784132035
2784132037
2784132063
2784132072
2784132074
2784746680
2784746681
2784746740
2785510728
2785510729
2785510731
2785510749
2785510750
2788499825
2788499829
2788499833
2788499835
2788499836
2788499839
2788499840
2788499855
2788499861
2791354873
2791355511
2791355512
2791355513
2791355514
2791355515
2791355516
2791355517
2791355518
2791355519
2791355520
2791355521
2791355522
2791355523
2791355524
2791355525
2791355526
2791355527
2791355528
2791355529
2791355530
2791355531
2791355532
2791355533
2791355534
2791355535
2791355536
2791355537
2791355538
2791355539
2791355540
2791355541
2791355542
2791355543
2791355544
2791355545
2791355546
2791355547
2791355548
2791355549
2791355550
2791355551
2791355552
2791355553
2791355554
2791355555
2791355556
2791355557
2791355558
2791355559
2791355560
2791355561
2791355562
2791355563
2791355564
2791355565
2791355566
2791355567
2791355568
2791355569
2791355570
2791355571
2791355572
2791355573
2791355574
2791355575
2791355576
2791355577
2791355578
2791355579
2791355580
2791355581
2791355582
2791355583
2791355584
2791355585
2791355586
2791355587
2791355588
2791355589
2791355590
2791355591
2791355592
2791355593
2791355594
2791355595
2791355596
2791355597
2791355598
2791355599
2791355601
2791355602
2791355603
2791355604
2791355605
2791355606
2791355607
2791355608
2791355609
2791355610
2791355611
2791355612
2791355613
2791355614
2791355615
2791355616
2791355617
2791355618
2791355619
2791355620
2791355621
2791355622
2791355623
2791355624
2791355625
2791355626
2791355627
2791355628
2791355629
2791355630
2791355631
2791355632
2791355633
2791355634
2791355635
2791355636
2791355637
2791355638
2791355639
2791355640
2791355641
2791355642
2791355643
2791355644
2791355645
2791355646
2791355647
2795385506
2795385507
2795385508
2795385509
2795385510
2795385511
2802429377
2802429378
2802429405
2802429419
2802429421
2806310669
2806310737
2806310745
2806310831
2806311007
2806311009
2806311027
2806311028
2806311029
2806311032
2806311047
2806311048
2806311066
2806311067
2806311068
2806311070
2808606355
2808606361
2808606363
2808606373
2808606376
2808606377
2808606378
2808606379
2808606380
2808606381
2808606382
2808606383
2808606385
2808606388
2808606389
2808606393
2808606396
2808606397
2808606445
2808606543
2808606649
2808606717
2811994881
2811994986
2811995084
2811995158
2811995170
2811995180
2811995290
2811995363
2811995374
2814122901
2814123087
2814123136
2814123137
2814123150
2814123167
2814123168
2814123169
2814123213
2814123354
2814123407
2816332298
2816332601
2818991223
2818991315
2818991317
2818991456
2818991464
2821271981
2821813215
2823099133
2823119164
2823125389
2823131658
2823173354
2823421272
2823489066
2823507607
2823690506
2824216651
2824522127
2824544339
2824570060
2825547766
2825651385
2826325882
2826359771
2826457424
2826581358
2828778552
2830786439
2833650900
2834028612
2839621538
2842805378
2842815866
2842826826
2842832357
2842837860
2842843487
2842849001
2842854478
2844644197
2844653225
2844665904
2844680674
2844687038
2844723624
2844737528
2844743889
2844758135
2849857281
2849868053
2849874934
2850954016
2850959999
2850966357
2850972752
2850979890
2850985981
2852612431
2852657418
2852667396
2856505025
2856510208
2856515415
2857375656
2857685700
2857690720
2857758349
2859920349
2859925007
2859929724
2859934411
2859939480
2859944549
2860339153
2860861301
2860867994
2860873299
2860879904
2860885557
2860897424
2860903427
2860910490
2860916418
2864670877
2864676799
2864683103
2864688501
2864694781
2864739902
2864745180
2864751016
2864847319
2864853652
2864903489
2864926767
2864944480
2867842039
2867859168
2867863894
2867873390
2867883562
2867889587
2867895920
2867923913
2867940780
2870314180
2870319472
2870326082
2870331525
2870338240
2870344659
2870350189
2870356601
2870365171
2870654421
2870682680
2870695665
2872520801
2872527891
2872534562
2872541219
2872547706
2872554397
2872559933
2872566744
2872572790
2873366528
2875493475
2875499822
2875505011
2875511363
2875518283
2875524635
2875535316
2875542621
2875548937
2877781292
2877788174
2877794441
2877800095
2877806665
2877813470
2877820159
2877826310
2878029506
2878047844
2880177480
2880183892
2880193276
2880199838
2880206526
2880211950
2880217452
2880224358
2880230671
2880236299
2880523803
2881219220
2881789473
2881795172
2881801170
2881807073
2881812976
2881818675
2881824378
2881829932
2881835490
2881882499
2881887110
2882114799
2882363878
2882904839
2882919749
2882925227
2883052908
2883058910
2884804946
2885786713
2885792518
2885797924
2885802934
2885808348
2885814250
2885820151
2885825926
2885830285
2885836633
2885842184
2885847919
2885853826
2885859724
2885865436
2885871342
2885877050
2885882604
2885888304
2885894003
2885899876
2885905433
2885911132
2885916348
2885922063
2885927794
2885933516
2885939346
2885944559
2885949775
2885955511
2885961229
2885967263
2885972705
2885978744
2885984810
2885989707
2885994973
2886000030
2886005530
2886011095
2886015905
2886022041
2886027523
2886031715
2886035907
2886041690
2886047063
2886053312
2886060556
2886067821
2886075046
2886123723
2886129330
2886136146
2886142980
2886149808
2886157073
2886163833
2886225313
2886231304
2886237313
2886243316
2886249052
2888708159
2888714733
2888721290
2888727786
2888734210
2888740852
2888747990
2888754656
2888761234
2888767948
2888774381
2888780901
2888787756
2888794632
2888801269
2888807965
2888814756
2888821323
2888827700
2888834351
2888840921
2888847681
2888854291
2888860460
2889200843
2889205932
2889211301
2889225146
2889230251
2889235530
2889254924
2893603256
2893609332
2893618810
2893624226
2893630232
2893636398
2897142147
2897148565
2897154640
2897160482
2897166605
2897172664
2897178995
2897185216
2897191092
2897196942
2897202802
2897208644
2897957997
2904518522
2908379859
2908386141
2908392349
2908398338
2908404578
2908410579
2908416650
2908423126
2908429345
2908435785
2908441082
2908446538
2908452937
2908459273
2908469069
2908476142
2908486269
2908492839
2912927692
2912934823
2912941851
2912947955
2912953232
2912959797
2912963787
2912969127
2912974694
2912980361
2912985638
2912991218
2912997783
2913004504
2913010382
2913016525
2913023320
2913029442
2913036834
2913042868
2913222336
2913254129
2913602287
2913608834
2913615354
2913673089
2913679597
2913685979
2916996477
2917003227
2917007969
2917014336
2917020544
2917026592
2917032606
2917039186
2917045514
2917051905
2917057802
2917064153
2917070673
2917077041
2917081786
2917087625
2917093585
2917099900
2917106160
2917113043
2917119243
2917126018
2917131931
2917137258
2917142836
2917148488
2917153223
2917159879
2917166772
2917173859
2917178910
2917185439
2917190755
2917196912
2917203564
2917512510
2917825782
2917832318
2917837329
2917843420
2918228026
2918233510
2918239079
2918527431
2918533501
2918548257
2918554024
2918560077
2918569463
2918579595
2919009306
2919015088
2919063839
2919125081
2919155634
2919196562
2919202830
2919228037
2919333017
2919385768
2919456309
2919481497
2919487758
2919501602
2919632462
2919697872
2919768560
2920935178
2920940081
2923115996
2923122397
2923128604
2923134673
2923140608
2923146907
2923153595
2923159863
2923166773
2923519811
2923586266
2925704981
2925711178
2925718833
2925725116
2925732014
2925738233
2925744883
2925751256
2925757866
2925763965
2925770375
2925776426
2926030764
2926037195
2926054728
2926063275
2926093512
2926297428
2926430786
2926437103
2926443539
2926452230
2926458599
2926711944
2926726868
2926743535
2926928646
2927248576
2927603779
2927649578
2927661242
2927678862
2927713021
2927722053
2927742676
2927753116
2927773123
2927808043
2927991490
2928490931
2929053351
2929111369
2929144301
2929189879
2929264195
2929269661
2929275131
2930974279
2930978831
2931015329
2931020809
2931057125
2931063589
2931069747
2931108034
2931150174
2931369376
2931390751
2931396565
2932066538
2933507292
2933566427
2934219947
2935138835
2935144728
2935151011
2935247710
2935301053
2935307212
2935317049
2935323540
2935329515
2935336154
2935343106
2935353572
2935396963
2935452895
2935458641
2938971090
2938977233
2938983465
2938990481
2938996655
2939002657
2939009017
2939015008
2939020026
2939025686
2939031913
2939507003
2939636861
2939651529
2939697726
2939794325
2941441250
2941547752
2945748529
2945928738
2945961074
2946006987
2946027586
2947233263
2962408733
2962415168
2962421958
2962428367
2962433822
2962440203
2962447044
2962453242
2962458821
2962465459
2962471536
2962477870
2962482898
2962490117
2962495622
2962501950
2965866733
2965873108
2965879112
2965885166
2965892202
2965897571
2965903435
2965910009
2965916435
2965923110
2965929610
2965935839
2965941674
2965948323
2965954475
2965960871
2966791590
2969217893
2969223408
2969229168
2969235634
2969240751
2969246651
2969252327
2969257755
2969263696
2969270612
2969276890
2969283443
2969288848
2969298995
2969304461
2969310526
2969316806
2969322162
2969327537
2969332252
2969338297
2969343799
2969350331
2969360729
2969367432
2971969578
2971972701
2971976867
2971983186
2971988523
2971995405
2972001829
2972007843
2972014215
2972020428
2972026387
2972031963
2972038244
2972039337
2972046094
2972052075
2972058038
2972064844
2972070075
2972076269
2974289157
2974298342
2974440541
2974445944
2980540963
2980545637
2980551598
2980558259
2980564143
2980570811
2980577565
2980583476
2980589523
2980595064
2980600606
2980607136
2980613144
2980618641
2980624079
2980630318
2980637031
2980643513
2980650083
2980655414
2980661746
2980667846
2980673542
2980679699
2981279711
2981294700
2981948916
2984202346
2984232459
2984238430
2984258742
2984268010
2984275305
2984286254
2984292526
2984297188
2984301464
2984305856
2984311930
2984316191
2984321118
2984325206
2984499530
2984504281
2986553348
2986559242
2986565909
2986571865
2986578447
2986584660
2986590662
2986596027
2986601762
2986607845
2986613861
2986620692
2986949986
2986955527
2988712493
2988718525
2988722922
2988728565
2988734134
2988739781
2988745281
2988751709
2988757159
2988763754
2988769988
2988775984
2988781840
2988787053
2990149792
2990154397
2990160153
2990166910
2990172827
2990177867
2990183131
2990191211
2990196909
2990205228
2990214039
2990219107
2990223350
2990869499
2990929826
2993254755
2993260269
2993265782
2993271702
2997878596
2997884754
2997890428
2997896752
2997901528
2997905633
2997912214
2997917752
2997924086
2998075170
2998081770
2998087215
2998092343
2998097943
2998103878
2998109367
2998115232
2998120464
2998126475
2998133616
2998139840
2998145499
2998151678
2998156517
2998161248
2998167404
2998174104
2998180483
2998184468
2998189981
2998193668
2998199935
2998204816
2998209024
2998214719
2998220449
2998227049
2998231966
2998238523
2998245082
2998250349
3007246537
3007252601
3007256920
3007262473
3007267188
3007273422
3007279860
3007285674
3007290929
3007296978
3007303058
3007309439
3007315729
3007320457
3007326796
3007333252
3007338929
3007344978
3007351439
3007358066
3007364163
3007368908
3007373055
3007377921
3007383697
3007389804
3007395558
3007401726
3007407489
3007412950
3007419365
3007425842
3007431619
3007437678
3007442566
3007447017
3007452664
3007457755
3007463327
3007468096
3007473699
3007478678
3007484788
3007488259
3007494343
3007501137
3007506733
3007511990
3007522935
3007528711
3007534628
3007540782
3007547122
3007553116
3007558563
3007564484
3007571948
3007578290
3007584346
3007589180
3007595452
3007601269
3007608298
3007614139
3007619802
3007625790
3007629781
3007635548
3007640623
3007645781
3007651016
3007655370
3007660125
3007665464
3007671499
3007675902
3007680257
3007685916
3007691943
3007696059
3007701059
3007706501
3007712643
3007718800
3007724457
3007731458
3007737930
3007743454
3007750090
3007755928
3007762304
3007768848
3007773358
3007776982
3007783779
3007789785
3007794984
3007799056
3007803356
3007809414
3007816207
3007819985
3007826076
3007831441
3007837375
3007843325
3007849513
3007855910
3007861166
3007866637
3007872151
3007877126
3007882238
3007887228
3007893501
3007900544
3007907379
3007913946
637000218
637000219
637000220
637000221
637000222
637000223
638341158
638341159
638341161
639279310
640427131
640427132
640753042
641522645
641522646
642979329
643348568
645951814
647000299
647000300
647000301
648276717
648276718
648276719
648276720
649633086
649989990
649989991
650377963
650716074
650716075
650716076
8010775272
8010781867
8010786304
8010792475
8010799094
8010805598
8010811967
8010818344
8010824349
8010830596
8010837180
8010843193
8010849382
8010855216
8010861066
8010867026
8010874315
8010880844
8010886980
8010893114
8010899302
8010905819
8010912407
8010918541
8010925164
8010930875
8010936934
8010943568
8010949564
8010955670
8010962061
8010968706
8010974801
8010981081
8010986635
8010992904
8010998913
8011005308
8011011055
8011017149
8011023758
8011030052
8011037248
8011043706
8011049509
8011055147
8011060989
8011066592
8011072914
8011079238
8011086206
8011093203
8011099349
8011105528
8011111392
8011117741
8011124195
8011128788
8011134950
8011138117
8011143647
8011149317
8011155120
8011160308
8011165741
8011169934
8011175907
8011181369
8011187786
8011194704
8011200657
8011207097
8011212064
8011217001
8011222109
8011227825
8011232364
8011236415
8011241049
8011248032
8011254491
8011261828
8011267867
8011274496
8011280068
8011286121
8011291922
8011298463
8011303955
8011308850
8011314740
8011320407
8011325151
8011329375
8011335247
8011338980
8011344256
8011350971
8011357093
8011362056
8011368924
8011375118
8011381643
8013669774
8015687852
8016728285
8017051857
8019198071
8019204246
8019210510
8019307672
8019697015
8019769354
8029995093
8030686851
8034888084
8034893111
8034902521
8034909009
8034915796
8034921784
8034925566
8034931340
8034936395
8034942525
8034953131
8034959130
8034962539
8034967161
8034972598
8034978263
8034984327
8034990243
8034996212
8035001888
8035006710
8035012794
8035018521
8035024720
8035029955
8035035029
8035040114
8035045280
8035050698
8035057119
8035062920
8035068365
8035073335
8035080065
8035085127
8035090469
8035095626
8035099797
8035105186
8035111415
8035117119
8035122713
8035128882
8035134703
8035141464
8035147159
8035152763
8035158522
8035165027
8035170450
8035175435
8035180728
8035186099
8035193235
8035200514
8035206321
8035212199
8035217925
8035224597
8035229147
8035233717
8035239897
8035246018
8035252403
8035257726
8035263692
8035268789
8035274597
8035279884
8035285267
8035292864
8035298275
8035304219
8035309526
8035315873
8035321120
8035326735
8035332281
8035338204
8035343080
8035347992
8035352738
8035357749
8035362727
8035367486
8035372141
8035377056
8035382089
8035386833
8035391570
8035396741
8035404814
8035410887
8035416935
8035422605
8035427975
8035433570
8035439788
8035445794
8035452287
8035458732
8035463502
8035468309
8035473106
8035477913
8035482753
8035487577
8035492398
8035497358
8035502549
8035509045
8035515336
8035521837
8035528100
8035534693
8035541217
8035547378
8035553880
8035560176
8043857610
8043862314
8043867350
8043872453
8043878949
8043885334
8043891956
8043900492
8043907227
8043912976
8043918276
8043924204
8043930160
8043935465
8043941553
8043947167
8043952550
8043957945
8043963962
8043969302
8043974589
8043979658
8043985023
8043990553
8043995875
8044001588
8044006961
8044012183
8044017592
8044023044
8044028445
8044033800
8044039060
8044044784
8044050095
8044055473
8044060831
8044066198
8044071590
8044076935
8044082354
8044087644
8044093040
8044098480
8044103722
8044109184
8044114646
8044120639
8044126327
8044131741
8044137226
8044142683
8044147929
8044153205
8044158529
8044163942
8044169210
8044174444
8044179749
8044184997
8044190415
8044195959
8044201132
8044206585
8044211734
8044217839
8044223673
8044229865
8044236088
8044241929
8044247592
8044253385
8044259249
8044265720
8044271617
8044277561
8044283625
8044289885
8044295884
8044301631
8044307382
8044313151
8044318968
8044324721
8044331580
8044337526
8044343416
8044349410
8044355728
8044361518
8044367276
8044373082
8044378717
8044384437
8044390239
8044396284
8044402452
8044408428
8044414088
8044420067
8044426102
8044432354
8044438738
8044445738
8044451578
8044457465
8044464241
8044470005
8044475855
8044481823
8044487674
8044493532
8044499479
8044505166
8044511312
8044517297
8044523021
8044528701
8044534688
8044540308
8044546155
8044552189
8044558040
8044564760
8044570506
8044576782
8044582446
8044588156
8044593706
8044599594
8044605365
8044611020
8044616867
8044623362
8044628977
8044634723
8044640720
8044646782
8044652604
8044658237
8044663630
8044669324
8044674877
8044680337
8044685850
8044691260
8044696761
8044702383
8044707984
8044713502
8044719024
8044724508
8044730033
8044735481
8044740946
8044747685
8044753769
8044759537
8044766207
8044772024
8044778903
8044785069
8044790611
8044796203
8044801704
8044807442
8044813022
8044818533
8044823974
8044829498
8044835016
8044840580
8044846326
8044852396
8044858379
8044864277
8044870113
8044875748
8044881522
8044887130
8044892963
8044899077
8044905840
8044912237
8044919785
8044926251
8044932364
8044938143
8044943659
8044949209
8044954762
8044960320
8044965822
8044971468
8044976967
8044982483
8044988058
8044993594
8044999379
8045005049
8045010571
8045016242
8045021784
8045027309
8045032851
8045038408
8045043828
8045049296
8045055642
8045061443
8045067033
8045073222
8045079578
8045085950
8045092209
8045098810
8045104446
8045110117
8045118519
8045124235
8045129901
8045135399
8045141154
8045147517
8045153637
8045161122
8045166725
8045172100
8045178432
8045184176
8045190024
8045196147
8045202224
8045208478
8045215023
8045221149
8045227488
8045234160
8045240222
8045246715
8045253357
8045258887
8045264335
8045269922
8045275417
8045280924
8045286332
8045291950
8045297579
8045302987
8045308564
8045315186
8045320790
8045326344
8045332071
8045337463
8045342935
8045348697
8045354208
8045359791
8045365510
8045372054
8045378026
8045384695
8045390676
8045396468
8045402129
8045408413
8045414917
8045422401
8045799260
8046155828
8046774930
8046831383
8046952167
8047137047
8047332067
8047767677
8047785607
8047933937
8048668862
8052222075
8052228714
8052234451
8052241165
8052247002
8052252931
8052258976
8052265449
8052271239
8052277757
8052283494
8052289477
8052295420
8052301423
8052307359
8052312838
8052318298
8052323790
8052329498
8052334955
8052340507
8052346199
8052351785
8052357194
8052362859
8052368621
8052374390
8052380108
8052385695
8052391255
8052396707
8052402358
8052407830
8052413349
8052418860
8052424445
8052429936
8052435502
8052441015
8052446624
8052452141
8052457724
8052464260
8052469819
8052475915
8052481722
8052487153
8052494512
8052499827
8052504915
8052510209
8052516636
8052522558
8052528258
8052534182
8052539842
8052546233
8052551949
8052557596
8052564626
8052570420
8052576720
8052583091
8052588441
8052594031
8052599795
8053313329
8053319323
8054009353
8054060585
8054070134
8054219894
8054265113
8054271241
8054285046
8054329326
8054347763
8054503363
8054578176
8054929484
8055151307
8055567319
8055666059
8055675366
8055770955
8055817908
8055878733
8055900207
8056085597
8056115690
8056120720
8056125926
8056131705
8056137416
8056143049
8056148874
8056155041
8056161164
8056166840
8056172158
8056177738
8056267460
8056330449
8056561870
8056569372
8056892643
8056896480
8057061539
8057248780
8057480221
8057522017
8057642155
8057741623
8057798959
8057842822
8057865054
8058083673
8058222449
8061528127
8061533743
8061539366
8061545008
8061550573
8061556040
8061561671
8061567246
8061572825
8061578579
8061583987
8061589551
8061595685
8061601302
8061606850
8061612350
8061618027
8061623743
8061629503
8061635211
8061640733
8061646306
8061651870
8061657463
8061662877
8061668616
8061674181
8061679661
8061685118
8061690999
8061696563
8061701986
8061707641
8061713248
8061718845
8061724325
8061729900
8061735430
8061740958
8061746489
8061751941
8061757646
8061763640
8061769619
8061775085
8061780769
8061786428
8061791993
8061798249
8061803906
8061809567
8061815178
8061820694
8061826295
8061831810
8061837325
8061842903
8061848421
8061853941
8061859560
8069711667
8069812833
8069818173
8069824379
8069829729
8069853593
8069893365
8069931265
8070048847
8070518345
8070524494
8070530853
8070536484
8070542911
8070549072
8070555523
8070561708
8070568401
8070574970
8070581484
8070587448
8070622380
8070650947
8070702223
8070806090
8070812776
8070819214
8070825301
8070831459
8070837622
8070843689
8070849858
8070856031
8070862198
8070868354
8070874514
8070880674
8070886601
8070892781
8070898958
8070905015
8071039859
8071176039
8071182561
8071278684
8071285080
8071291158
8071297232
8071303310
8071309390
8071315707
8071432906
8071437182
8071441674
8071656884
8071663206
8071669167
8071801242
8071832474
8071838952
8071981804
8071988263
8072007848
8072013882
8072020804
8072026675
8072032610
8072043494
8072050143
8072056425
8072068304
8072074097
8072098731
8072123992
8072128020
8072144035
8072148286
8072203289
8072311057
8072354089
8072423853
8072450995
8072475198
8072711177
8072862846
8072868824
8072874739
8072885693
8072891659
8072897671
8072903625
8072909568
8072915502
8072921425
8072927358
8072933303
8072939233
8073265372
8073310260
8073316932
8073347426
8073354006
8073359950
8073366120
8073372055
8073406057
8073508492
8073527118
8073939788
8073944910
8073951608
8076347631
8076353353
8076357719
8076363586
8076369461
8076554661
8076663451
8076789855
8077226032
8077497886
8078097889
8078361596
8078389824
8078618946
8078625192
8078631083
8078862731
8078868008
8078873266
8078878518
8078883831
8078989883
8078994072
8079031769
8079054357
8079069389
8079075367
8079462635
8079860252
8080148637
8080272579
8080279160
8081094103
8081444025
8082710732
8086666453
8086671054
8086684168
8086689625
8086694303
8086703219
8086708414
8086713104
8086722155
8086727025
8086736035
8086741237
8086746634
8086751969
8086756441
8086947143
8087295818
8087536365
8087590616
8087597119
8087603415
8087728815
8088455273
8088461797
8088468458
8088474632
